: 1674152046:0;make fclean
: 1674152110:0;./testeurall.sh
: 1674152133:0;clear
: 1674152145:0;./testeurall.sh
: 1674153831:0;make re && bash push_swap_tester/tester.sh . 5 10
: 1674153906:0;make re && bash push_swap 206 -412 321 582 -381
: 1674153914:0;make re && bash ./push_swap 206 -412 321 582 -381
: 1674153919:0;make re && ./push_swap 206 -412 321 582 -381
: 1674154096:0;make re && bash push_swap_tester/tester.sh . 5 10
: 1674154116:0;make re && ./push_swap 900 -362 719 -870 177
: 1674154141:0;make re && bash push_swap_tester/tester.sh . 5 10
: 1674154162:0;./testeurall.sh
: 1674170701:0;make re && ./push_swap 250 657 -42 744 -518 661 437 182 -493 660 582 -745 -767 215 385 -127 -102 -268 711 357 -32 642 -654 791 817 -135 -838 729 -904 -823 240 -115 748 475 -827 641 -683 -820 -577 570 -59 -604 157 -898 680 860 -705 338 239 514 -758 740 653 90 174 277 263 -19 550 41 -731 -664 -921 -190 413 905 604 -73 -963 442 490 831 -249 -264 -8 -950 950 241 537 982 717 265 995 -363 170 -850 -776 682 918 58 171 827 153 472 -460 649 -864 259 -367 665 778 76 613 543 -556 -267 89 -174 -607 980 -394 -801 1 536 -216 -52 -168 867 -987 42 910 -501 209 226 383 -410 640 874 -472 -420 -444 -80 695 -33 937 -808 -39 286 965 -749 -680 271 -112 289 29 821 -76 117 -564 -497 635 102 64 152 -270 -37 365 30 749 674 690 -651 -580 399 184 -371 705 -489 589 313 -692 747 701 249 696 79 -775 458 108 -595 410 -671 -458 156 623 972 -207 -328 -584 -186 -287 -90 970 -983 -285 -150 -170 223 -384 -314 -331 993 172 -728 786 -876 542 714 -655 689 830 782 -54 522 234 987 128 -523 168 -703 303 622 144 -237 429 483 -599 364 -565 574 176 -431 411 -960 -597 610 -542 -211 776 -800 -72 721 -868 92 -273 -343 873 -10 -714 -269 -992 966 762 -457 -721 549 -3 178 -388 -988 -307 -910 17 -97 -744 373 268 644 186 285 -352 -2 -21 -934 -195 -284 928 -701 -500 -132 -415 -730 -108 -436 527 -924 415 -461 -997 -434 -961 997 -159 -429 -57 494 51 -669 739 826 562 881 769 -459 -447 503 631 -974 84 -885 -377 -111 145 59 305 620 301 -31 -865 446 -481 -5 591 -991 355 -413 578 646 -825 130 -986 -330 870 394 -430 -259 848 318 -156 317 311 154 341 -803 -658 -433 319 196 872 55 -532 -675 -435 -975 -263 -570 930 -706 501 10 -536 517 -915 554 -474 -976 -830 -734 275 -485 132 -370 -717 211 -155 342 -712 -258 -870 808 -390 -796 -439 109 12 -209 -806 -351 392 -511 -441 283 559 470 -809 538 -477 -751 732 -799 -786 321 712 -455 -374 -507 424 -543 -218 756 88 251 396 942 -29 50 545 -123 -617 13 907 37 679 -451 444 -334 709 -530 -561 700 73 803 -271 719 -652 879 -843 775 541 813 192 -907 766 -627 -254 605 471 -422 518 208 566 26 630 -109 -24 438 632 -476 -342 324 -353 -890 -6 -303 -558 77 329 -448 -67 763 113 -245 74 976 -858 83 -681 247 -379 -279 361 -278 737 -64 85 -589 202 255 -177 -914 163 530 -421 8 -46 -725 -347 -399 -49 21
: 1674170727:0;make re && ./push_swap 250 657 -42 744 -518 661 437 182 -493 660 582 -745 -767 215 385 -127 -102 -268 711 357 -32 642 -654 791 817 -135 -838 729 -904 -823 240 -115 748 475 -827 641 -683 -820 -577 570 -59 -604 157 -898 680 860 -705 338 239 514 -758 740 653 90 174 277 263 -19 550 41 -731 -664 -921 -190 413 905 604 -73 -963 442 490 831 -249 -264 -8 -950 950 241 537 982 717 265 995 -363 170 -850 -776 682 918 58 171 827 153 472 -460 649 -864 259 -367 665 778 76 613 543 -556 -267 89 -174 -607 980 -394 -801 1 536 -216 -52 -168 867 -987 42 910 -501 209 226 383 -410 640 874 -472 -420 -444 -80 695 -33 937 -808 -39 286 965 -749 -680 271 -112 289 29 821 -76 117 -564 -497 635 102 64 152 -270 -37 365 30 749 674 690 -651 -580 399 184 -371 705 -489 589 313 -692 747 701 249 696 79 -775 458 108 -595 410 -671 -458 156 623 972 -207 -328 -584 -186 -287 -90 970 -983 -285 -150 -170 223 -384 -314 -331 993 172 -728 786 -876 542 714 -655 689 830 782 -54 522 234 987 128 -523 168 -703 303 622 144 -237 429 483 -599 364 -565 574 176 -431 411 -960 -597 610 -542 -211 776 -800 -72 721 -868 92 -273 -343 873 -10 -714 -269 -992 966 762 -457 -721 549 -3 178 -388 -988 -307 -910 17 -97 -744 373 268 644 186 285 -352 -2 -21 -934 -195 -284 928 -701 -500 -132 -415 -730 -108 -436 527 -924 415 -461 -997 -434 -961 997 -159 -429 -57 494 51 -669 739 826 562 881 769 -459 -447 503 631 -974 84 -885 -377 -111 145 59 305 620 301 -31 -865 446 -481 -5 591 -991 355 -413 578 646 -825 130 -986 -330 870 394 -430 -259 848 318 -156 317 311 154 341 -803 -658 -433 319 196 872 55 -532 -675 -435 -975 -263 -570 930 -706 501 10 -536 517 -915 554 -474 -976 -830 -734 275 -485 132 -370 -717 211 -155 342 -712 -258 -870 808 -390 -796 -439 109 12 -209 -806 -351 392 -511 -441 283 559 470 -809 538 -477 -751 732 -799 -786 321 712 -455 -374 -507 424 -543 -218 756 88 251 396 942 -29 50 545 -123 -617 13 907 37 679 -451 444 -334 709 -530 -561 700 73 803 -271 719 -652 879 -843 775 541 813 192 -907 766 -627 -254 605 471 -422 518 208 566 26 630 -109 -24 438 632 -476 -342 324 -353 -890 -6 -303 -558 77 329 -448 -67 763 113 -245 74 976 -858 83 -681 247 -379 -279 361 -278 737 -64 85 -589 202 255 -177 -914 163 530 -421 8 -46 -725 -347 -399 -49 21 | wc -l
: 1674171624:0;make re && bash push_swap_tester/tester.sh . 500 100
: 1674171934:0;./testeurall.sh
: 1674172010:0;make re && bash push_swap_tester/tester.sh . 500 100
: 1674172265:0;make re && ./push_swap -850 -865 -510 -24 345 -820 -400 815 -7 251 687 -320 -591 -511 -272 -458 -486 -339 325 605 -748 -611 991 -823 801 -326 96 -902 107 321 304 -1000 371 812 -997 739 578 804 458 91 -800 -409 -152 -656 -413 255 -245 499 492 823 -962 -570 -759 63 -280 487 -256 602 -335 -584 622 836 506 -15 736 885 904 -364 -176 571 136 814 -153 61 742 175 -931 -485 -601 467 -544 -388 -139 -840 196 646 -804 -799 355 764 335 630 15 -893 -999 -175 858 187 49 -911 26 45 -974 386 -947 786 -578 90 558 312 -202 -664 -303 -211 -985 502 303 -82 -368 436 732 606 288 104 824 -62 -328 782 785 582 -571 538 965 972 115 -874 683 934 852 994 353 204 -494 696 -654 -539 -182 125 -27 -677 -271 127 -47 -917 -671 -1 664 366 -842 402 908 88 474 -5 -907 570 -604 -206 733 619 -237 -357 100 299 320 -598 -365 -905 -612 792 -58 -138 -129 -994 -852 -573 -875 -356 -31 -543 -992 -275 -629 446 138 -380 33 -162 -968 884 9 -542 -830 -582 715 -431 -659 -118 -843 -715 667 256 -527 -288 943 -429 511 -796 -707 414 816 -461 -958 40 -948 -839 650 -405 -248 -193 -766 -810 329 755 488 438 277 817 126 408 -580 -360 -564 464 252 -456 -983 970 289 -725 -91 -792 968 -944 -590 476 735 94 11 948 -533 -663 -438 -268 -107 137 946 388 79 -9 226 625 43 216 -417 123 716 -74 878 -499 -116 -236 -514 -484 876 301 59 -615 581 940 514 -316 426 -171 155 -895 185 -187 55 813 -801 -685 985 975 -867 92 -295 14 922 -680 -21 424 870 -966 -466 485 -760 544 -65 587 146 835 -86 738 -534 -991 -521 -719 -889 808 796 -345 -492 297 338 62 513 -816 279 -387 518 710 -94 -669 531 -645 -488 -132 -497 771 8 -209 37 236 431 866 897 690 684 604 -553 540 802 -204 -376 -730 -774 -915 -616 631 -394 537 -733 36 561 -661 453 182 -255 -963 -440 -995 -165 -249 872 72 21 41 947 -48 850 221 566 -229 648 -857 -473 615 -402 39 -789 868 -233 -811 932 -732 532 264 -301 -964 472 937 -408 700 -668 -724 760 -683 390 547 911 314 35 108 -421 879 -103 -487 233 -749 231 851 636 376 862 860 -474 148 -681 404 448 -646 -83 -159 -525 681 -468 -34 415 -178 987 389 523 471 693 -112 47 628 821 -304 363 -262 -393 875 -752 777 610 -738 270 -776 -17 295 -900 220 -2 737 701 296 356 -148 597 -191 -140 978 800 -115 -216 -871 832 -80 397 -434 -981 172 347 745 861 461 -125 197
: 1674172269:0;make re && ./push_swap -850 -865 -510 -24 345 -820 -400 815 -7 251 687 -320 -591 -511 -272 -458 -486 -339 325 605 -748 -611 991 -823 801 -326 96 -902 107 321 304 -1000 371 812 -997 739 578 804 458 91 -800 -409 -152 -656 -413 255 -245 499 492 823 -962 -570 -759 63 -280 487 -256 602 -335 -584 622 836 506 -15 736 885 904 -364 -176 571 136 814 -153 61 742 175 -931 -485 -601 467 -544 -388 -139 -840 196 646 -804 -799 355 764 335 630 15 -893 -999 -175 858 187 49 -911 26 45 -974 386 -947 786 -578 90 558 312 -202 -664 -303 -211 -985 502 303 -82 -368 436 732 606 288 104 824 -62 -328 782 785 582 -571 538 965 972 115 -874 683 934 852 994 353 204 -494 696 -654 -539 -182 125 -27 -677 -271 127 -47 -917 -671 -1 664 366 -842 402 908 88 474 -5 -907 570 -604 -206 733 619 -237 -357 100 299 320 -598 -365 -905 -612 792 -58 -138 -129 -994 -852 -573 -875 -356 -31 -543 -992 -275 -629 446 138 -380 33 -162 -968 884 9 -542 -830 -582 715 -431 -659 -118 -843 -715 667 256 -527 -288 943 -429 511 -796 -707 414 816 -461 -958 40 -948 -839 650 -405 -248 -193 -766 -810 329 755 488 438 277 817 126 408 -580 -360 -564 464 252 -456 -983 970 289 -725 -91 -792 968 -944 -590 476 735 94 11 948 -533 -663 -438 -268 -107 137 946 388 79 -9 226 625 43 216 -417 123 716 -74 878 -499 -116 -236 -514 -484 876 301 59 -615 581 940 514 -316 426 -171 155 -895 185 -187 55 813 -801 -685 985 975 -867 92 -295 14 922 -680 -21 424 870 -966 -466 485 -760 544 -65 587 146 835 -86 738 -534 -991 -521 -719 -889 808 796 -345 -492 297 338 62 513 -816 279 -387 518 710 -94 -669 531 -645 -488 -132 -497 771 8 -209 37 236 431 866 897 690 684 604 -553 540 802 -204 -376 -730 -774 -915 -616 631 -394 537 -733 36 561 -661 453 182 -255 -963 -440 -995 -165 -249 872 72 21 41 947 -48 850 221 566 -229 648 -857 -473 615 -402 39 -789 868 -233 -811 932 -732 532 264 -301 -964 472 937 -408 700 -668 -724 760 -683 390 547 911 314 35 108 -421 879 -103 -487 233 -749 231 851 636 376 862 860 -474 148 -681 404 448 -646 -83 -159 -525 681 -468 -34 415 -178 987 389 523 471 693 -112 47 628 821 -304 363 -262 -393 875 -752 777 610 -738 270 -776 -17 295 -900 220 -2 737 701 296 356 -148 597 -191 -140 978 800 -115 -216 -871 832 -80 397 -434 -981 172 347 745 861 461 -125 197 
: 1674172279:0;make re && ./push_swap -850 -865 -510 -24 345 -820 -400 815 -7 251 687 -320 -591 -511 -272 -458 -486 -339 325 605 -748 -611 991 -823 801 -326 96 -902 107 321 304 -1000 371 812 -997 739 578 804 458 91 -800 -409 -152 -656 -413 255 -245 499 492 823 -962 -570 -759 63 -280 487 -256 602 -335 -584 622 836 506 -15 736 885 904 -364 -176 571 136 814 -153 61 742 175 -931 -485 -601 467 -544 -388 -139 -840 196 646 -804 -799 355 764 335 630 15 -893 -999 -175 858 187 49 -911 26 45 -974 386 -947 786 -578 90 558 312 -202 -664 -303 -211 -985 502 303 -82 -368 436 732 606 288 104 824 -62 -328 782 785 582 -571 538 965 972 115 -874 683 934 852 994 353 204 -494 696 -654 -539 -182 125 -27 -677 -271 127 -47 -917 -671 -1 664 366 -842 402 908 88 474 -5 -907 570 -604 -206 733 619 -237 -357 100 299 320 -598 -365 -905 -612 792 -58 -138 -129 -994 -852 -573 -875 -356 -31 -543 -992 -275 -629 446 138 -380 33 -162 -968 884 9 -542 -830 -582 715 -431 -659 -118 -843 -715 667 256 -527 -288 943 -429 511 -796 -707 414 816 -461 -958 40 -948 -839 650 -405 -248 -193 -766 -810 329 755 488 438 277 817 126 408 -580 -360 -564 464 252 -456 -983 970 289 -725 -91 -792 968 -944 -590 476 735 94 11 948 -533 -663 -438 -268 -107 137 946 388 79 -9 226 625 43 216 -417 123 716 -74 878 -499 -116 -236 -514 -484 876 301 59 -615 581 940 514 -316 426 -171 155 -895 185 -187 55 813 -801 -685 985 975 -867 92 -295 14 922 -680 -21 424 870 -966 -466 485 -760 544 -65 587 146 835 -86 738 -534 -991 -521 -719 -889 808 796 -345 -492 297 338 62 513 -816 279 -387 518 710 -94 -669 531 -645 -488 -132 -497 771 8 -209 37 236 431 866 897 690 684 604 -553 540 802 -204 -376 -730 -774 -915 -616 631 -394 537 -733 36 561 -661 453 182 -255 -963 -440 -995 -165 -249 872 72 21 41 947 -48 850 221 566 -229 648 -857 -473 615 -402 39 -789 868 -233 -811 932 -732 532 264 -301 -964 472 937 -408 700 -668 -724 760 -683 390 547 911 314 35 108 -421 879 -103 -487 233 -749 231 851 636 376 862 860 -474 148 -681 404 448 -646 -83 -159 -525 681 -468 -34 415 -178 987 389 523 471 693 -112 47 628 821 -304 363 -262 -393 875 -752 777 610 -738 270 -776 -17 295 -900 220 -2 737 701 296 356 -148 597 -191 -140 978 800 -115 -216 -871 832 -80 397 -434 -981 172 347 745 861 461 -125 197 | wc -l
: 1674226213:0;clear
: 1674226218:0;./testeurall.sh
: 1674226519:0;clear
: 1674226531:0;norminette 
: 1674226536:0;multipass shell
: 1674226546:0;d
: 1674226589:0;./testeurall.sh
: 1674226620:0;git add --all
